13:46:27 25.10 20.76 13.07
13:47:27 47.55 27.58 15.87
13:48:27 33.31 26.86 16.35
13:49:27 30.89 27.38 17.18
13:50:27 26.07 26.43 17.48
13:51:27 18.44 24.19 17.27
13:52:27 40.36 29.53 19.54
13:53:27 34.40 29.65 20.20
13:54:27 33.60 30.17 20.97
13:55:27 23.89 27.98 20.79
13:56:27 24.44 27.35 21.02
13:57:27 24.23 26.94 21.29
13:58:27 20.44 25.22 21.04
13:59:27 28.18 26.81 21.86
14:00:27 28.77 26.95 22.20
14:01:27 24.26 26.12 22.22
14:02:27 21.39 24.83 22.01
14:03:27 23.05 24.73 22.16
14:04:27 20.80 23.74 21.97
14:05:27 19.88 23.03 21.85
14:06:27 28.29 24.62 22.46
14:07:27 24.72 24.53 22.58
14:08:27 21.23 23.58 22.37
14:09:27 18.14 22.43 22.06
14:10:27 19.99 22.45 22.11
14:11:27 20.22 22.37 22.12
14:12:27 21.18 22.33 22.12
14:13:27 19.05 21.77 21.96
14:14:27 18.29 21.02 21.68
14:15:27 21.00 21.02 21.63
14:16:27 21.23 21.00 21.58
14:17:27 20.41 20.99 21.55
14:18:27 24.22 21.95 21.84
14:19:27 19.63 21.28 21.63
14:20:27 21.88 21.66 21.74
14:21:27 23.20 21.91 21.81
14:22:27 29.78 25.10 22.98
14:23:27 21.71 23.60 22.59
14:24:27 24.56 23.91 22.75
14:25:27 25.86 24.22 22.92
14:26:27 34.07 26.88 23.91
14:27:27 29.64 27.33 24.28
14:28:27 17.22 24.21 23.39
14:29:27 19.00 23.29 23.12
14:30:27 17.23 21.88 22.64
14:31:27 20.40 21.65 22.49
14:32:27 69.52 34.26 26.68
14:33:27 92.78 45.95 31.08
14:34:27 82.62 50.50 33.50
14:35:27 73.71 53.86 35.71
14:36:27 40.23 48.18 34.91
14:37:27 24.41 42.26 33.71
14:38:27 19.74 37.32 32.52
14:39:27 15.06 32.72 31.24
14:40:27 16.72 30.03 30.41
14:41:27 15.52 27.20 29.40
14:42:27 18.75 26.03 28.87
14:43:27 23.85 26.26 28.77
14:44:27 21.17 25.27 28.29
14:45:27 17.33 23.49 27.49
14:46:27 18.16 22.69 26.97
14:47:27 14.14 20.88 26.08
14:48:27 14.03 19.73 25.37
14:49:27 15.00 19.02 24.77
14:50:27 21.03 20.42 24.91
14:51:27 15.79 19.08 24.17
14:52:27 18.12 18.81 23.74
14:53:27 14.68 17.76 23.07
14:54:27 10.95 16.38 22.28
14:55:27 12.49 15.53 21.60
14:56:27 62.25 30.72 26.51
14:57:27 60.51 37.75 29.28
14:58:27 23.16 31.16 27.55
14:59:27 9.85 25.90 25.97
15:00:27 5.04 21.57 24.47
15:01:27 3.82 18.19 23.12
15:02:27 2.79 15.31 21.82
15:03:27 2.37 12.91 20.59
15:04:27 2.96 11.24 19.54
15:05:27 8.85 10.99 18.91
15:06:27 13.33 11.63 18.62
15:07:27 9.77 10.87 17.91
15:08:27 7.05 9.93 17.15
15:09:27 7.55 9.46 16.53
15:10:27 6.69 8.90 15.89
15:11:27 5.00 8.13 15.20
15:12:27 4.89 7.58 14.57
15:13:27 7.13 7.61 14.13
15:14:27 6.97 7.46 13.67
15:15:27 9.58 8.28 13.57
15:16:27 8.80 8.29 13.24
15:17:27 9.24 8.54 13.02
15:18:27 7.55 8.26 12.64
15:19:27 9.14 8.53 12.45
15:20:27 9.64 8.80 12.30
15:21:27 8.74 8.71 12.05
15:22:27 7.84 8.48 11.76
15:23:27 7.36 8.19 11.45
15:24:27 8.80 8.41 11.32
15:25:27 10.49 8.94 11.32
15:26:27 7.24 8.35 10.97
15:27:27 6.65 8.15 10.75
15:28:27 12.50 9.82 11.17
15:29:28 7.33 8.81 10.73
15:30:28 4.21 7.69 10.23
15:31:28 3.91 6.96 9.82
15:32:28 3.31 6.22 9.38
15:33:28 3.23 5.69 9.00
15:34:28 3.03 5.26 8.65
15:35:28 2.99 4.87 8.30
15:36:28 3.19 4.55 7.97
15:37:28 4.48 4.70 7.81
15:38:28 5.37 5.00 7.72
15:39:28 3.83 4.70 7.45
15:40:28 2.35 4.12 7.08
15:41:28 4.58 4.49 7.02
15:42:28 3.20 4.08 6.72
15:43:28 2.98 3.89 6.49
15:44:28 3.78 3.96 6.35
15:45:28 3.80 3.86 6.16
15:46:28 3.70 3.85 6.01
